hidden_units: 224
num_heads: 6
num_blocks: 5
dropout_rate: 0.1
lr: 7.764718585733164e-05
l2_emb: 0.0056327700895861645
